CHARA
12 
64 
20 
32 
10 
12 
0 
4 
3438 
1525 
35 
3 
206 
36 
220 
13 
221 
17 
0 
17 
0 
17 
0 
17 
0 
0 
0 
47 
4 
0 
0 
0 
0 
0 
45 
0 
0 
0 
2 
0 
0 
1 
0 
2 
1 
0 
0 
0 
0 
6 
0 
0 
7 
15 
144 
0 
1 
0 
0 
1 
1 
0 
1 
1 
1 
0 
0 
0 
0 
0 
0 
0 
4 
1 
4 
0 
-1 
0 
0 
0 
0 
1 
1 
1 
1 
1 
2 
0 
0 
49 
0 
2 
0 
-1 
0 
0 
0 
1 
0 
4 
0 
0 
0 
0 
4 
1 
4 
0 
8 
1 
1 
0 
1 
0 
0 
0 
0 
3 
2 
2 
1 
0 
3 
0 
0 
0 
0 
1 
4 
0 
0 
1 
2 
0 
0 
0 
0 
0 
1 
1 
0 
0 
0 
0 
0 
0 
0 
0 
0 
0 
0 
0 
0 
0 
0 
0 
0 
0 
0 
1 
0 
0 
0 
0 
0 
0 
0 
0 
0 
0 
0 
0 
0 
0 
0 
0 
0 
0 
0 
0 
0 
0 
0 
0 
0 
0 
0 
0 
0 
0 
0 
0 
0 
0 
0 
0 
0 
0 
0 
0 
0 
0 
0 
0 
0 
0 
0 
0 
0 
0 
0 
0 
0 
0 
0 
0 
0 
0 
0 
0 
0 
0 
0 
0 
0 
0 
0 
0 
0 
205 
34 
1 
3 
9 
18 
0 
0 
0 
0 
0 
0 
0 
0 
0 
0 
0 
0 
0 
0 
0 
0 
0 
0 
0 
0 
0 
0 
0 
0 
0 
0 
0 
0 
0 
0 
0 
0 
0 
0 
0 
0 
0 
0 
0 
0 
0 
0 
0 
0 
1 
0 
0 
0 
1 
0 
0 
0 
0 
0 
1 
0 
0 
0 
0 
0 
0 
0 
0 
0 
1 
0 
0 
0 
0 
2 
0 
1 
0 
0 
0 
0 
0 
0 
0 
0 
0 
0 
1 
1 
0 
0 
0 
0 
0 
0 
0 
0 
0 
0 
14 
0 
0 
0 
0 
0 
0 
0 
0 
0 
0 
0 
0 
0 
0 
0 
0 
0 
0 
0 
0 
0 
0 
0 
0 
0 
0 
0 
0 
0 
0 
0 
0 
0 
0 
0 
0 
0 
0 
0 
0 
0 
0 
0 
0 
0 
0 
0 
0 
0 
1 
-559 
1 
0 
2 
1 
0 
3 
3 
0 
0 
0 
0 
0 
0 
0 
0 
0 
0 
26 
2 
1 
0 
1 
1 
1 
0 
0 
30 
1 
0 
0 
10 
0 
0 
2 
1 
0 
0 
0 
0 
1 
0 
0 
0 
3 
6 
1 
4 
1 
1 
0 
1 
0 
0 
0 
0 
0 
4 
0 
0 
0 
0 
2 
1 
1 
1 
1 
1 
1 
0 
3 
0 
0 
0 
0 
1 
0 
0 
0 
0 
0 
0 
0 
0 
0 
0 
0 
0 
0 
1 
0 
0 
0 
0 
0 
0 
0 
0 
0 
0 
0 
0 
0 
0 
0 
0 
0 
1 
0 
0 
0 
0 
0 
0 
0 
0 
0 
0 
0 
0 
0 
0 
0 
0 
0 
0 
0 
0 
0 
0 
0 
0 
0 
0 
0 
0 
0 
0 
0 
0 
0 
0 
0 
0 
0 
5 
0 
0 
0 
0 
0 
0 
0 
0 
0 
0 
0 
0 
0 
0 
0 
185 
1 
1 
1 
296 
210 
475468 
